0 0.286621 0.148609 0.405273 0.044656
0 0.285644 0.202050 0.403320 0.045388
0 0.286865 0.257138 0.405762 0.045022
0 0.282226 0.308748 0.400391 0.045022
0 0.285888 0.362189 0.403809 0.042826
0 0.285644 0.416362 0.405273 0.045022
0 0.287598 0.469985 0.405273 0.045388
0 0.286378 0.521596 0.403809 0.043192
0 0.285644 0.575952 0.405273 0.045022
0 0.285156 0.630857 0.401367 0.045022
0 0.285156 0.683748 0.401367 0.042460
0 0.286377 0.737921 0.402832 0.045388
0 0.285156 0.790264 0.402344 0.044656
0 0.287598 0.843155 0.405273 0.042826
0 0.285156 0.896962 0.400391 0.043558
0 0.714355 0.149890 0.404297 0.044290
0 0.715088 0.203148 0.402832 0.045388
0 0.715089 0.254759 0.403809 0.042460
0 0.715088 0.310578 0.405762 0.044290
0 0.713623 0.363287 0.400879 0.045754
0 0.716064 0.415447 0.402832 0.043924
0 0.714112 0.469253 0.403809 0.043192
0 0.716065 0.522877 0.405762 0.045754
0 0.714843 0.577050 0.400391 0.044290
0 0.715088 0.628843 0.405762 0.042460
0 0.714356 0.685395 0.405273 0.045754
0 0.713867 0.736274 0.403320 0.045022
0 0.711915 0.789898 0.400391 0.043192
0 0.715087 0.842240 0.404785 0.042460
0 0.716553 0.898243 0.405762 0.045388
