0 0.286621 0.161420 0.398438 0.069546
0 0.284668 0.240849 0.397461 0.069546
0 0.286133 0.322108 0.398438 0.070278
0 0.284912 0.403367 0.398926 0.071010
0 0.287110 0.482247 0.401367 0.070644
0 0.288574 0.562225 0.402344 0.072474
0 0.286865 0.641288 0.399902 0.069546
0 0.285156 0.723829 0.400391 0.070644
0 0.286133 0.803807 0.398438 0.070278
0 0.288085 0.883968 0.401367 0.070278
0 0.712891 0.161603 0.402344 0.071376
0 0.712890 0.243045 0.397461 0.071742
0 0.714844 0.322291 0.402344 0.070644
0 0.715576 0.401720 0.402832 0.069912
0 0.715576 0.482430 0.402832 0.072474
0 0.713867 0.562957 0.401367 0.072474
0 0.713623 0.642203 0.401855 0.070644
0 0.712157 0.721998 0.401855 0.069912
0 0.714111 0.803075 0.402832 0.071742
0 0.713135 0.884517 0.402832 0.071376
