0 0.281249 0.153367 0.415039 0.071742
0 0.281249 0.235359 0.415039 0.073939
0 0.282226 0.319363 0.415039 0.074305
0 0.279053 0.399158 0.411621 0.072108
0 0.280029 0.482796 0.410645 0.073939
0 0.280273 0.565703 0.410156 0.072840
0 0.279541 0.647146 0.412598 0.073939
0 0.279785 0.728587 0.413086 0.071376
0 0.280517 0.813872 0.414551 0.074305
0 0.278564 0.893667 0.409668 0.073572
0 0.719482 0.154100 0.410645 0.074671
0 0.718017 0.235725 0.410645 0.072474
0 0.718994 0.319913 0.412598 0.074671
0 0.721191 0.398975 0.413086 0.071742
0 0.719726 0.482247 0.410156 0.072108
0 0.720214 0.563506 0.411133 0.071376
0 0.718506 0.646779 0.410645 0.073206
0 0.718750 0.730600 0.414062 0.074671
0 0.720214 0.813506 0.411133 0.073572
0 0.720703 0.896047 0.413086 0.073939
