0 0.212299 0.151611 0.259151 0.062012
0 0.212116 0.221924 0.260981 0.062012
0 0.212299 0.289306 0.259883 0.061035
0 0.213579 0.358886 0.262445 0.060547
0 0.213214 0.427490 0.262445 0.062012
0 0.210469 0.493163 0.259151 0.061523
0 0.210651 0.563721 0.259517 0.062988
0 0.210651 0.633301 0.258785 0.064453
0 0.211384 0.699462 0.260981 0.061035
0 0.211200 0.769287 0.259883 0.062988
0 0.212299 0.836669 0.259883 0.061035
0 0.211018 0.906494 0.260249 0.062012
0 0.498903 0.150635 0.259151 0.060059
0 0.499451 0.221191 0.259517 0.064453
0 0.498169 0.289550 0.259151 0.061523
0 0.499085 0.358399 0.260249 0.061523
0 0.499086 0.427735 0.259517 0.064453
0 0.499267 0.497559 0.260615 0.064453
0 0.500549 0.562989 0.262445 0.061523
0 0.500001 0.632568 0.259151 0.063965
0 0.500549 0.698730 0.260981 0.062500
0 0.498169 0.767334 0.259151 0.062012
0 0.500733 0.834229 0.260615 0.060059
0 0.500366 0.903320 0.261347 0.061523
0 0.787153 0.155029 0.262445 0.063965
0 0.784957 0.222656 0.258785 0.064453
0 0.788799 0.288575 0.262079 0.060547
0 0.788434 0.357178 0.262079 0.062988
0 0.788434 0.427246 0.262079 0.064453
0 0.788434 0.494140 0.261347 0.063477
0 0.788067 0.561523 0.262079 0.060547
0 0.788067 0.631835 0.262079 0.061523
0 0.786604 0.700439 0.259883 0.060059
0 0.786786 0.767334 0.259517 0.062988
0 0.787335 0.836915 0.260615 0.063477
0 0.788068 0.906494 0.260615 0.062012
