0 0.210286 0.166993 0.259517 0.060547
0 0.210834 0.231201 0.259883 0.059082
0 0.212847 0.297852 0.262445 0.062500
0 0.210651 0.362305 0.260249 0.060547
0 0.211566 0.427979 0.262811 0.059082
0 0.212665 0.496338 0.262811 0.060059
0 0.212665 0.561523 0.262811 0.061523
0 0.212664 0.625244 0.261347 0.058105
0 0.210469 0.691895 0.259883 0.058594
0 0.213214 0.758790 0.261713 0.060547
0 0.212847 0.823975 0.263177 0.062012
0 0.214128 0.892089 0.263543 0.061523
0 0.499634 0.164795 0.261347 0.062012
0 0.499633 0.231690 0.262079 0.058105
0 0.499451 0.297607 0.260981 0.059082
0 0.499084 0.364013 0.260981 0.060059
0 0.500184 0.428711 0.259517 0.062500
0 0.501831 0.494872 0.263543 0.058105
0 0.501099 0.561768 0.262811 0.062012
0 0.499450 0.626953 0.261713 0.059570
0 0.499999 0.693115 0.262811 0.060059
0 0.500367 0.760741 0.262079 0.061523
0 0.498535 0.825195 0.259883 0.062500
0 0.501831 0.888916 0.263543 0.060059
0 0.789165 0.166260 0.262811 0.059082
0 0.786969 0.230957 0.260615 0.058594
0 0.787335 0.298096 0.260615 0.060059
0 0.786054 0.362793 0.259517 0.060547
0 0.787519 0.427735 0.262445 0.058594
0 0.787884 0.496582 0.262445 0.060547
0 0.790080 0.562500 0.263177 0.061523
0 0.788250 0.625733 0.261713 0.061035
0 0.787519 0.692628 0.260249 0.060059
0 0.787884 0.758057 0.263177 0.061035
0 0.788434 0.823242 0.259883 0.060547
0 0.787702 0.891357 0.260615 0.059082
