0 0.287842 0.146047 0.395020 0.043192
0 0.289307 0.199122 0.395020 0.043192
0 0.289794 0.253843 0.394043 0.044290
0 0.286621 0.309480 0.393555 0.044290
0 0.289062 0.361640 0.396484 0.043924
0 0.290038 0.416362 0.394531 0.045022
0 0.288575 0.468704 0.394531 0.044290
0 0.289062 0.523609 0.396484 0.043558
0 0.287353 0.577965 0.394043 0.046120
0 0.289795 0.630674 0.396973 0.043192
0 0.290527 0.685761 0.395508 0.043558
0 0.287110 0.738653 0.393555 0.044656
0 0.290283 0.793924 0.395020 0.045388
0 0.291015 0.846999 0.396484 0.044656
0 0.289062 0.900256 0.396484 0.045022
0 0.713135 0.146230 0.397949 0.044290
0 0.709717 0.201318 0.393066 0.046120
0 0.712646 0.254392 0.395996 0.045388
0 0.710449 0.310212 0.394531 0.045754
0 0.712402 0.362372 0.395508 0.046120
0 0.710938 0.415630 0.394531 0.043558
0 0.709472 0.469985 0.393555 0.044656
0 0.711426 0.523792 0.396484 0.043924
0 0.710450 0.576501 0.397461 0.043924
0 0.711425 0.631040 0.394531 0.046120
0 0.710205 0.684846 0.395020 0.043192
0 0.710694 0.737372 0.397949 0.042826
0 0.711426 0.793741 0.397461 0.044290
0 0.712890 0.845535 0.396484 0.043192
0 0.710938 0.900805 0.394531 0.043924
