0 0.502564 0.137045 0.815385 0.037915
0 0.499145 0.182069 0.817094 0.035545
0 0.503846 0.227291 0.817949 0.034360
0 0.500000 0.271130 0.811966 0.035940
0 0.500854 0.318918 0.813675 0.036730
0 0.498718 0.363152 0.814530 0.036730
0 0.502564 0.407978 0.815385 0.035545
0 0.495726 0.452211 0.810256 0.034755
0 0.499145 0.499408 0.817094 0.035940
0 0.498291 0.544036 0.811966 0.036730
0 0.502136 0.590640 0.816239 0.037520
0 0.501282 0.636255 0.814530 0.035545
0 0.501710 0.680687 0.815385 0.037520
0 0.501282 0.726501 0.819658 0.036730
0 0.500855 0.771721 0.811966 0.035545
0 0.500428 0.816746 0.811111 0.034755
0 0.501283 0.863547 0.817949 0.035940
0 0.500000 0.906793 0.817094 0.034755
