0 0.495726 0.128357 0.817094 0.029226
0 0.499572 0.162717 0.823077 0.028436
0 0.498718 0.195694 0.819658 0.026461
0 0.504701 0.232426 0.824786 0.029621
0 0.498291 0.266588 0.820513 0.029226
0 0.498718 0.300948 0.816239 0.029226
0 0.501710 0.334518 0.825641 0.030016
0 0.500000 0.367891 0.817094 0.028041
0 0.500427 0.401857 0.819658 0.026461
0 0.502564 0.436611 0.823932 0.026461
0 0.502992 0.470181 0.823077 0.026461
0 0.502137 0.506319 0.821368 0.030016
0 0.503419 0.539099 0.822222 0.026856
0 0.499572 0.573855 0.824786 0.027646
0 0.499999 0.607820 0.818803 0.028436
0 0.497863 0.641983 0.821368 0.026461
0 0.504274 0.677725 0.825641 0.029226
0 0.499573 0.710900 0.817949 0.026856
0 0.499573 0.745459 0.821368 0.028041
0 0.503846 0.780016 0.824786 0.026856
0 0.497436 0.814771 0.820513 0.028436
0 0.496580 0.848538 0.818803 0.028831
0 0.500428 0.883293 0.816239 0.027251
0 0.499572 0.918444 0.823077 0.026461
