0 0.499572 0.124999 0.858974 0.028041
0 0.503846 0.159953 0.858974 0.029226
0 0.499145 0.192141 0.851282 0.026461
0 0.498718 0.227093 0.857265 0.026856
0 0.499573 0.261651 0.857265 0.027251
0 0.501282 0.296012 0.858974 0.028831
0 0.499573 0.328989 0.853846 0.027646
0 0.497864 0.365521 0.852137 0.029621
0 0.498718 0.398697 0.853846 0.028831
0 0.497009 0.433649 0.855556 0.029226
0 0.500854 0.468602 0.852991 0.028831
0 0.494872 0.500988 0.851282 0.027251
0 0.495726 0.535743 0.851282 0.028831
0 0.497436 0.573065 0.852991 0.030016
0 0.495726 0.604660 0.851282 0.026856
0 0.501710 0.639613 0.859829 0.028831
0 0.497864 0.674369 0.852137 0.028041
0 0.501283 0.708728 0.857265 0.027251
0 0.501282 0.742694 0.855556 0.027251
0 0.497436 0.777843 0.854701 0.029621
0 0.495727 0.811414 0.852991 0.026461
0 0.499573 0.844787 0.860684 0.028436
0 0.501710 0.879345 0.854701 0.026461
0 0.502137 0.915087 0.855556 0.027646
