0 0.499145 0.140403 0.823932 0.035150
0 0.499573 0.185623 0.821368 0.034755
0 0.500001 0.228476 0.820513 0.035940
0 0.504701 0.276066 0.824786 0.037125
0 0.500428 0.317931 0.817949 0.033965
0 0.497009 0.362165 0.817949 0.035545
0 0.499573 0.406398 0.819658 0.033965
0 0.502564 0.452606 0.825641 0.037125
0 0.504274 0.497235 0.823932 0.036335
0 0.500855 0.543247 0.817094 0.036730
0 0.502991 0.588270 0.824786 0.036730
0 0.502137 0.630924 0.824786 0.035150
0 0.499145 0.675158 0.817094 0.035150
0 0.497009 0.719787 0.817949 0.036730
0 0.502992 0.766390 0.821368 0.036730
0 0.501282 0.810822 0.824786 0.037125
0 0.500854 0.853673 0.818803 0.034360
0 0.499999 0.900277 0.825641 0.036730
